98 463 188 764 3 0.71375 
714 202 796 1059 3 0.515603 
55 313 208 953 3 0.805149 
648 33 810 1080 3 0.674883 
717 349 810 959 3 0.634311 
699 386 810 885 3 0.704037 
48 164 228 1080 3 0.589212 
655 35 810 1080 3 0.563968 
18 354 270 939 3 0.751332 
626 410 810 888 3 0.721221 
653 387 810 882 3 0.717031 
701 472 787 813 3 0.541964 
701 412 803 861 3 0.791749 
16 433 273 869 3 0.620588 
85 283 222 998 3 0.546281 
682 285 801 990 3 0.711409 
613 274 810 991 3 0.672423 
59 404 226 880 3 0.614519 
227 246 359 1008 3 0.502759 
673 371 808 916 3 0.764699 
60 408 224 881 3 0.562651 
