665 25 1108 720 3 0.604274 
695 46 1077 720 3 0.608332 
681 40 1092 720 3 0.738774 
613 28 1159 720 3 0.736328 
859 179 1013 516 3 0.929344 
593 0 1180 720 3 0.847761 
610 0 1242 720 3 0.586778 
579 283 712 554 3 0.517159 
738 0 1079 720 3 0.882243 
367 0 880 720 3 0.608592 
159 0 1280 720 3 0.531053 
847 0 967 720 3 0.839987 
705 0 1117 720 3 0.839622 
693 0 1194 720 3 0.848678 
611 50 1229 715 3 0.777528 
652 0 1209 720 3 0.789935 
830 0 1139 720 3 0.770134 
813 158 1094 632 3 0.663609 
793 0 1119 720 3 0.874423 
0 0 1280 720 3 0.579574 
407 0 1280 720 3 0.762668 
777 3 1128 720 3 0.699221 
766 0 1129 720 3 0.808043 
